fc:
seen: [0, 0, 0, 1, 1, 0, 1, 1]
desired: [1, 0, 0, 1, 0, 1, 1, 0]
sought: [0.8518699, 0.14813016, 0.21227022, 0.78772974, 0.04586209, 0.9541379, 0.9473343, 0.052665733]
output: [0.6166918, -1.1326505, -0.5024235, 0.8088715, -3.9976673, -0.96249795, 1.17014, -1.719547]

Mse: 0.017969549
Misses: 0
Accuracy: 100

conv1:
seen: [0, 0, 0, 1, 1, 0, 1, 1]
desired: [1, 0, 0, 1, 0, 1, 1, 0]
sought: [0.8142415, 0.18575841, 0.21227022, 0.78772974, 0.07552123, 0.9244788, 0.91495234, 0.08504768]
output: [0.4809252, -0.99688494, -0.5024235, 0.8088715, -3.434158, -0.9293418, 0.9329641, -1.4426959]

Mse: 0.02312535
Misses: 0
Accuracy: 100